1ybi a
[0, 0, 24, 25, 31, 0, 0, 0]
[0, 0, 0, 17, 0, 29, 38, 7]
[24, 0, 0, 12, 16, 0, 0, 0]
[25, 17, 12, 0, 25, 0, 2, 0]
[31, 0, 16, 25, 0, 0, 0, 0]
[0, 29, 0, 0, 0, 0, 19, 41]
[0, 38, 0, 2, 0, 19, 0, 20]
[0, 7, 0, 0, 0, 41, 20, 0]
Dendrogram, 8 elements, 7 merges

7 5 1 6 0 2 4 3
| | | | | | | |
| | | | `-' | |
| | | |  |  | |
| | | |  `--' |
| | | |   |   |
`-' | |   `---'
 |  | |     |  
 `--' |     |  
  |   |     |  
  `---'     |  
    |       |  
    `-------'
No. of Domains:  2

0 0 - 5 37 - 42 50 - 63 74 - 77 --
1 140 - 146 161 - 163 174 - 182 195 - 199 281 - 283 --
2 10 - 12 43 - 49 64 - 73 78 - 130 --
3 6 - 9 131 - 139 --
4 13 - 22 24 - 36 --
5 147 - 160 164 - 173 205 - 210 212 - 213 254 - 266 --
6 183 - 194 200 - 204 214 - 228 --
7 229 - 253 267 - 280 --

[(2, 0), (4, 8), (3, 9), (5, 7), (1, 11), (6, 12), (10, 13)]

0 - 139 -- 140 - 283 --
**************************CLAUSET'S END***************************


************************************** STEP # 1 ****************************
BEFORE MERGE
0 0 - 5 37 - 42 50 - 63 74 - 77 --

1 140 - 146 161 - 163 174 - 182 195 - 199 281 - 283 --

2 10 - 12 43 - 49 64 - 73 78 - 130 --

3 6 - 9 131 - 139 --

4 13 - 22 24 - 36 --

5 147 - 160 164 - 173 205 - 210 212 - 213 254 - 266 --

6 183 - 194 200 - 204 214 - 228 --

7 229 - 253 267 - 280 --


0 0.000 0.000 24.000 25.000 31.000 0.000 0.000 0.000
1 0.000 0.000 0.000 17.000 0.000 29.000 38.000 7.000
2 24.000 0.000 0.000 12.000 16.000 0.000 0.000 0.000
3 25.000 17.000 12.000 0.000 25.000 0.000 2.000 0.000
4 31.000 0.000 16.000 25.000 0.000 0.000 0.000 0.000
5 0.000 29.000 0.000 0.000 0.000 0.000 19.000 41.000
6 0.000 38.000 0.000 2.000 0.000 19.000 0.000 20.000
7 0.000 7.000 0.000 0.000 0.000 41.000 20.000 0.000

41
Merge Cluster 5 & Cluster 7

AFTER MERGE
0 0 - 5 37 - 42 50 - 63 74 - 77 --

1 140 - 146 161 - 163 174 - 182 195 - 199 281 - 283 --

2 10 - 12 43 - 49 64 - 73 78 - 130 --

3 6 - 9 131 - 139 --

4 13 - 22 24 - 36 --

6 183 - 194 200 - 204 214 - 228 --

8 147 - 160 164 - 173 205 - 213 229 - 280 --

************************************ END OF STEP ***************************
************************************** STEP # 2 ****************************
BEFORE MERGE
0 0 - 5 37 - 42 50 - 63 74 - 77 --

1 140 - 146 161 - 163 174 - 182 195 - 199 281 - 283 --

2 10 - 12 43 - 49 64 - 73 78 - 130 --

3 6 - 9 131 - 139 --

4 13 - 22 24 - 36 --

6 183 - 194 200 - 204 214 - 228 --

8 147 - 160 164 - 173 205 - 213 229 - 280 --


0 0.000 0.000 24.000 25.000 31.000 0.000 0.000
1 0.000 0.000 0.000 17.000 0.000 38.000 23.000
2 24.000 0.000 0.000 12.000 16.000 0.000 0.000
3 25.000 17.000 12.000 0.000 25.000 2.000 0.000
4 31.000 0.000 16.000 25.000 0.000 0.000 0.000
6 0.000 38.000 0.000 2.000 0.000 0.000 25.000
8 0.000 23.000 0.000 0.000 0.000 25.000 0.000

38
Merge Cluster 1 & Cluster 6

AFTER MERGE
0 0 - 5 37 - 42 50 - 63 74 - 77 --

2 10 - 12 43 - 49 64 - 73 78 - 130 --

3 6 - 9 131 - 139 --

4 13 - 22 24 - 36 --

8 147 - 160 164 - 173 205 - 213 229 - 280 --

9 140 - 146 161 - 163 174 - 204 214 - 228 281 - 283 --

************************************ END OF STEP ***************************
************************************** STEP # 3 ****************************
BEFORE MERGE
0 0 - 5 37 - 42 50 - 63 74 - 77 --

2 10 - 12 43 - 49 64 - 73 78 - 130 --

3 6 - 9 131 - 139 --

4 13 - 22 24 - 36 --

8 147 - 160 164 - 173 205 - 213 229 - 280 --

9 140 - 146 161 - 163 174 - 204 214 - 228 281 - 283 --


0 0.000 24.000 25.000 31.000 0.000 0.000
2 24.000 0.000 12.000 16.000 0.000 0.000
3 25.000 12.000 0.000 25.000 0.000 11.000
4 31.000 16.000 25.000 0.000 0.000 0.000
8 0.000 0.000 0.000 0.000 0.000 38.000
9 0.000 0.000 11.000 0.000 38.000 0.000

38
Merge Cluster 8 & Cluster 9

AFTER MERGE
0 0 - 5 37 - 42 50 - 63 74 - 77 --

2 10 - 12 43 - 49 64 - 73 78 - 130 --

3 6 - 9 131 - 139 --

4 13 - 22 24 - 36 --

10 140 - 283 --

************************************ END OF STEP ***************************
************************************** STEP # 4 ****************************
BEFORE MERGE
0 0 - 5 37 - 42 50 - 63 74 - 77 --

2 10 - 12 43 - 49 64 - 73 78 - 130 --

3 6 - 9 131 - 139 --

4 13 - 22 24 - 36 --

10 140 - 283 --


0 0.000 24.000 25.000 31.000 0.000
2 24.000 0.000 12.000 16.000 0.000
3 25.000 12.000 0.000 25.000 5.000
4 31.000 16.000 25.000 0.000 0.000
10 0.000 0.000 5.000 0.000 0.000

31
Merge Cluster 0 & Cluster 4

AFTER MERGE
2 10 - 12 43 - 49 64 - 73 78 - 130 --

3 6 - 9 131 - 139 --

10 140 - 283 --

11 0 - 5 13 - 42 50 - 63 74 - 77 --

************************************ END OF STEP ***************************
************************************** STEP # 5 ****************************
BEFORE MERGE
2 10 - 12 43 - 49 64 - 73 78 - 130 --

3 6 - 9 131 - 139 --

10 140 - 283 --

11 0 - 5 13 - 42 50 - 63 74 - 77 --


2 0.000 12.000 0.000 32.000
3 12.000 0.000 5.000 29.000
10 0.000 5.000 0.000 0.000
11 32.000 29.000 0.000 0.000

32
Merge Cluster 2 & Cluster 11

AFTER MERGE
3 6 - 9 131 - 139 --

10 140 - 283 --

12 0 - 5 10 - 130 --

************************************ END OF STEP ***************************
************************************** STEP # 6 ****************************
BEFORE MERGE
3 6 - 9 131 - 139 --

10 140 - 283 --

12 0 - 5 10 - 130 --


3 0.000 5.000 22.000
10 5.000 0.000 0.000
12 22.000 0.000 0.000

22
Merge Cluster 3 & Cluster 12

AFTER MERGE
10 140 - 283 --

13 0 - 139 --

************************************ END OF STEP ***************************
************************************** STEP # 7 ****************************
BEFORE MERGE
10 140 - 283 --

13 0 - 139 --


10 0.000 2.000
13 2.000 0.000

2
Merge Cluster 10 & Cluster 13

AFTER MERGE
14 0 - 283 --

************************************ END OF STEP ***************************
