1hbn b
[0, 13, 17, 16, 0, 8, 0, 0, 0, 2]
[13, 0, 7, 4, 0, 0, 0, 1, 23, 36]
[17, 7, 0, 0, 0, 0, 0, 0, 23, 0]
[16, 4, 0, 0, 25, 28, 0, 0, 0, 3]
[0, 0, 0, 25, 0, 11, 0, 0, 0, 8]
[8, 0, 0, 28, 11, 0, 0, 0, 0, 0]
[0, 0, 0, 0, 0, 0, 0, 11, 43, 4]
[0, 1, 0, 0, 0, 0, 11, 0, 29, 17]
[0, 23, 23, 0, 0, 0, 43, 29, 0, 25]
[2, 36, 0, 3, 8, 0, 4, 17, 25, 0]
Dendrogram, 10 elements, 9 merges

1 2 7 6 8 9 4 5 3 0
| | | | | | | | | |
| | | | | | `-' | |
| | | | | |  |  | |
| | | | | |  `--' |
| | | | | |   |   |
| | `-' | |   `---'
| |  |  | |     |  
| |  `--' |     |  
| |   |   |     |  
`-'   `---'     |  
 |      |       |  
 `------'       |  
    |           |  
    `-----------'
No. of Domains:  2

0 0 - 5 20 - 43 116 - 125 432 - 441 --
1 196 - 212 392 - 393 395 - 431 --
2 6 - 10 12 - 19 246 - 249 --
3 44 - 46 75 - 78 92 - 115 174 - 175 --
4 47 - 74 147 - 173 178 - 182 --
5 79 - 91 126 - 146 --
6 228 - 234 264 - 301 303 - 304 --
7 330 - 349 351 - 367 --
8 235 - 245 250 - 263 305 - 329 --
9 176 - 177 183 - 195 213 - 217 219 - 226 372 - 378 380 - 389 --

[(5, 4), (3, 10), (0, 11), (6, 7), (8, 13), (9, 14), (2, 1), (15, 16), (12, 17)]

0 - 11 20 - 182 432 - 441 -- 12 - 19 183 - 431 --
**************************CLAUSET'S END***************************


************************************** STEP # 1 ****************************
BEFORE MERGE
0 0 - 5 20 - 43 116 - 125 432 - 441 --

1 196 - 212 392 - 393 395 - 431 --

2 6 - 10 12 - 19 246 - 249 --

3 44 - 46 75 - 78 92 - 115 174 - 175 --

4 47 - 74 147 - 173 178 - 182 --

5 79 - 91 126 - 146 --

6 228 - 234 264 - 301 303 - 304 --

7 330 - 349 351 - 367 --

8 235 - 245 250 - 263 305 - 329 --

9 176 - 177 183 - 195 213 - 217 219 - 226 372 - 378 380 - 389 --


0 0.000 13.000 17.000 16.000 0.000 8.000 0.000 0.000 0.000 2.000
1 13.000 0.000 7.000 4.000 0.000 0.000 0.000 1.000 23.000 36.000
2 17.000 7.000 0.000 0.000 0.000 0.000 0.000 0.000 23.000 0.000
3 16.000 4.000 0.000 0.000 25.000 28.000 0.000 0.000 0.000 3.000
4 0.000 0.000 0.000 25.000 0.000 11.000 0.000 0.000 0.000 8.000
5 8.000 0.000 0.000 28.000 11.000 0.000 0.000 0.000 0.000 0.000
6 0.000 0.000 0.000 0.000 0.000 0.000 0.000 11.000 43.000 4.000
7 0.000 1.000 0.000 0.000 0.000 0.000 11.000 0.000 29.000 17.000
8 0.000 23.000 23.000 0.000 0.000 0.000 43.000 29.000 0.000 25.000
9 2.000 36.000 0.000 3.000 8.000 0.000 4.000 17.000 25.000 0.000

43
Merge Cluster 6 & Cluster 8

AFTER MERGE
0 0 - 5 20 - 43 116 - 125 432 - 441 --

1 196 - 212 392 - 393 395 - 431 --

2 6 - 10 12 - 19 246 - 249 --

3 44 - 46 75 - 78 92 - 115 174 - 175 --

4 47 - 74 147 - 173 178 - 182 --

5 79 - 91 126 - 146 --

7 330 - 349 351 - 367 --

9 176 - 177 183 - 195 213 - 217 219 - 226 372 - 378 380 - 389 --

10 227 - 245 250 - 329 --

************************************ END OF STEP ***************************
************************************** STEP # 2 ****************************
BEFORE MERGE
0 0 - 5 20 - 43 116 - 125 432 - 441 --

1 196 - 212 392 - 393 395 - 431 --

2 6 - 10 12 - 19 246 - 249 --

3 44 - 46 75 - 78 92 - 115 174 - 175 --

4 47 - 74 147 - 173 178 - 182 --

5 79 - 91 126 - 146 --

7 330 - 349 351 - 367 --

9 176 - 177 183 - 195 213 - 217 219 - 226 372 - 378 380 - 389 --

10 227 - 245 250 - 329 --


0 0.000 13.000 17.000 16.000 0.000 8.000 0.000 2.000 0.000
1 13.000 0.000 7.000 4.000 0.000 0.000 1.000 36.000 16.000
2 17.000 7.000 0.000 0.000 0.000 0.000 0.000 0.000 14.000
3 16.000 4.000 0.000 0.000 25.000 28.000 0.000 3.000 0.000
4 0.000 0.000 0.000 25.000 0.000 11.000 0.000 8.000 0.000
5 8.000 0.000 0.000 28.000 11.000 0.000 0.000 0.000 0.000
7 0.000 1.000 0.000 0.000 0.000 0.000 0.000 17.000 26.000
9 2.000 36.000 0.000 3.000 8.000 0.000 17.000 0.000 20.000
10 0.000 16.000 14.000 0.000 0.000 0.000 26.000 20.000 0.000

36
Merge Cluster 1 & Cluster 9

AFTER MERGE
0 0 - 5 20 - 43 116 - 125 432 - 441 --

2 6 - 10 12 - 19 246 - 249 --

3 44 - 46 75 - 78 92 - 115 174 - 175 --

4 47 - 74 147 - 173 178 - 182 --

5 79 - 91 126 - 146 --

7 330 - 349 351 - 367 --

10 227 - 245 250 - 329 --

11 176 - 177 183 - 217 219 - 226 368 - 378 380 - 389 391 - 393 395 - 431 --

************************************ END OF STEP ***************************
************************************** STEP # 3 ****************************
BEFORE MERGE
0 0 - 5 20 - 43 116 - 125 432 - 441 --

2 6 - 10 12 - 19 246 - 249 --

3 44 - 46 75 - 78 92 - 115 174 - 175 --

4 47 - 74 147 - 173 178 - 182 --

5 79 - 91 126 - 146 --

7 330 - 349 351 - 367 --

10 227 - 245 250 - 329 --

11 176 - 177 183 - 217 219 - 226 368 - 378 380 - 389 391 - 393 395 - 431 --


0 0.000 17.000 16.000 0.000 8.000 0.000 0.000 10.000
2 17.000 0.000 0.000 0.000 0.000 0.000 14.000 4.000
3 16.000 0.000 0.000 25.000 28.000 0.000 0.000 5.000
4 0.000 0.000 25.000 0.000 11.000 0.000 0.000 5.000
5 8.000 0.000 28.000 11.000 0.000 0.000 0.000 0.000
7 0.000 0.000 0.000 0.000 0.000 0.000 26.000 11.000
10 0.000 14.000 0.000 0.000 0.000 26.000 0.000 27.000
11 10.000 4.000 5.000 5.000 0.000 11.000 27.000 0.000

28
Merge Cluster 3 & Cluster 5

AFTER MERGE
0 0 - 5 20 - 43 116 - 125 432 - 441 --

2 6 - 10 12 - 19 246 - 249 --

4 47 - 74 147 - 173 178 - 182 --

7 330 - 349 351 - 367 --

10 227 - 245 250 - 329 --

11 176 - 177 183 - 217 219 - 226 368 - 378 380 - 389 391 - 393 395 - 431 --

12 44 - 46 75 - 115 126 - 146 174 - 175 --

************************************ END OF STEP ***************************
************************************** STEP # 4 ****************************
BEFORE MERGE
0 0 - 5 20 - 43 116 - 125 432 - 441 --

2 6 - 10 12 - 19 246 - 249 --

4 47 - 74 147 - 173 178 - 182 --

7 330 - 349 351 - 367 --

10 227 - 245 250 - 329 --

11 176 - 177 183 - 217 219 - 226 368 - 378 380 - 389 391 - 393 395 - 431 --

12 44 - 46 75 - 115 126 - 146 174 - 175 --


0 0.000 17.000 0.000 0.000 0.000 10.000 17.000
2 17.000 0.000 0.000 0.000 14.000 4.000 0.000
4 0.000 0.000 0.000 0.000 0.000 5.000 27.000
7 0.000 0.000 0.000 0.000 26.000 11.000 0.000
10 0.000 14.000 0.000 26.000 0.000 27.000 0.000
11 10.000 4.000 5.000 11.000 27.000 0.000 4.000
12 17.000 0.000 27.000 0.000 0.000 4.000 0.000

27
Merge Cluster 4 & Cluster 12

AFTER MERGE
0 0 - 5 20 - 43 116 - 125 432 - 441 --

2 6 - 10 12 - 19 246 - 249 --

7 330 - 349 351 - 367 --

10 227 - 245 250 - 329 --

11 176 - 177 183 - 217 219 - 226 368 - 378 380 - 389 391 - 393 395 - 431 --

13 44 - 115 126 - 175 178 - 182 --

************************************ END OF STEP ***************************
************************************** STEP # 5 ****************************
BEFORE MERGE
0 0 - 5 20 - 43 116 - 125 432 - 441 --

2 6 - 10 12 - 19 246 - 249 --

7 330 - 349 351 - 367 --

10 227 - 245 250 - 329 --

11 176 - 177 183 - 217 219 - 226 368 - 378 380 - 389 391 - 393 395 - 431 --

13 44 - 115 126 - 175 178 - 182 --


0 0.000 17.000 0.000 0.000 10.000 11.000
2 17.000 0.000 0.000 14.000 4.000 0.000
7 0.000 0.000 0.000 26.000 11.000 0.000
10 0.000 14.000 26.000 0.000 27.000 0.000
11 10.000 4.000 11.000 27.000 0.000 6.000
13 11.000 0.000 0.000 0.000 6.000 0.000

27
Merge Cluster 10 & Cluster 11

AFTER MERGE
0 0 - 5 20 - 43 116 - 125 432 - 441 --

2 6 - 10 12 - 19 246 - 249 --

7 330 - 349 351 - 367 --

13 44 - 115 126 - 175 178 - 182 --

14 176 - 177 183 - 245 250 - 329 368 - 378 380 - 431 --

************************************ END OF STEP ***************************
************************************** STEP # 6 ****************************
BEFORE MERGE
0 0 - 5 20 - 43 116 - 125 432 - 441 --

2 6 - 10 12 - 19 246 - 249 --

7 330 - 349 351 - 367 --

13 44 - 115 126 - 175 178 - 182 --

14 176 - 177 183 - 245 250 - 329 368 - 378 380 - 431 --


0 0.000 17.000 0.000 11.000 6.000
2 17.000 0.000 0.000 0.000 10.000
7 0.000 0.000 0.000 0.000 21.000
13 11.000 0.000 0.000 0.000 4.000
14 6.000 10.000 21.000 4.000 0.000

21
Merge Cluster 7 & Cluster 14

AFTER MERGE
0 0 - 5 20 - 43 116 - 125 432 - 441 --

2 6 - 10 12 - 19 246 - 249 --

13 44 - 115 126 - 175 178 - 182 --

15 176 - 177 183 - 245 250 - 431 --

************************************ END OF STEP ***************************
************************************** STEP # 7 ****************************
BEFORE MERGE
0 0 - 5 20 - 43 116 - 125 432 - 441 --

2 6 - 10 12 - 19 246 - 249 --

13 44 - 115 126 - 175 178 - 182 --

15 176 - 177 183 - 245 250 - 431 --


0 0.000 17.000 11.000 6.000
2 17.000 0.000 0.000 8.000
13 11.000 0.000 0.000 4.000
15 6.000 8.000 4.000 0.000

17
Merge Cluster 0 & Cluster 2

AFTER MERGE
13 44 - 115 126 - 175 178 - 182 --

15 176 - 177 183 - 245 250 - 431 --

16 0 - 10 12 - 43 116 - 125 246 - 249 432 - 441 --

************************************ END OF STEP ***************************
************************************** STEP # 8 ****************************
BEFORE MERGE
13 44 - 115 126 - 175 178 - 182 --

15 176 - 177 183 - 245 250 - 431 --

16 0 - 10 12 - 43 116 - 125 246 - 249 432 - 441 --


13 0.000 4.000 10.000
15 4.000 0.000 13.000
16 10.000 13.000 0.000

13
Merge Cluster 15 & Cluster 16

AFTER MERGE
13 44 - 115 126 - 175 178 - 182 --

17 0 - 43 116 - 125 176 - 177 183 - 441 --

************************************ END OF STEP ***************************
************************************** STEP # 9 ****************************
BEFORE MERGE
13 44 - 115 126 - 175 178 - 182 --

17 0 - 43 116 - 125 176 - 177 183 - 441 --


13 0.000 8.000
17 8.000 0.000

8
Merge Cluster 13 & Cluster 17

AFTER MERGE
18 0 - 441 --

************************************ END OF STEP ***************************
