1poi a
[0, 0, 33, 1, 0, 0, 0, 0, 0, 0, 0, 12, 0, 2]
[0, 0, 25, 21, 0, 20, 14, 0, 0, 0, 0, 32, 0, 0]
[33, 25, 0, 10, 40, 7, 0, 0, 0, 0, 7, 13, 0, 0]
[1, 21, 10, 0, 0, 21, 23, 0, 0, 0, 0, 27, 27, 14]
[0, 0, 40, 0, 0, 32, 0, 0, 31, 4, 0, 0, 0, 0]
[0, 20, 7, 21, 32, 0, 12, 0, 0, 21, 25, 0, 0, 0]
[0, 14, 0, 23, 0, 12, 0, 0, 0, 0, 0, 0, 11, 0]
[0, 0, 0, 0, 0, 0, 0, 0, 0, 0, 0, 20, 23, 12]
[0, 0, 0, 0, 31, 0, 0, 0, 0, 10, 9, 0, 0, 0]
[0, 0, 0, 0, 4, 21, 0, 0, 10, 0, 0, 0, 0, 0]
[0, 0, 7, 0, 0, 25, 0, 0, 9, 0, 0, 0, 0, 0]
[12, 32, 13, 27, 0, 0, 0, 20, 0, 0, 0, 0, 6, 12]
[0, 0, 0, 27, 0, 0, 11, 23, 0, 0, 0, 6, 0, 19]
[2, 0, 0, 14, 0, 0, 0, 12, 0, 0, 0, 12, 19, 0]
Dendrogram, 14 elements, 13 merges

8 9 4 5 10 2 7 12 13 11 0 3 6 1
| | | | |  | | |  |  |  | | | |
`-' | | |  | | |  |  |  | | | |
 |  | | |  | | |  |  |  | | | |
 `--' | |  | | |  |  |  | | | |
  |   | |  | | |  |  |  | | | |
  `---' |  | | |  |  |  | | | |
    |   |  | | |  |  |  | | | |
    `---'  | | |  |  |  | | | |
      |    | | |  |  |  | | | |
      `----' `-'  |  |  | | | |
        |     |   |  |  | | | |
        |     `---'  |  | | | |
        |       |    |  | | | |
        |       `----'  | | | |
        |         |     | | | |
        |         `-----' | | |
        |            |    | | |
        |            `----' `-'
        |              |     | 
        |              `-----' 
        |                 |    
        `-----------------'
No. of Domains:  3

0 0 - 11 177 - 192 208 - 231 233 - 242 --
1 41 - 46 58 - 66 --
2 12 - 14 16 - 23 108 - 109 111 - 114 169 - 176 193 - 207 --
3 24 - 28 51 - 54 56 - 57 73 - 82 --
4 100 - 107 115 - 118 167 - 168 --
5 48 - 50 67 - 72 95 - 99 131 - 135 --
6 83 - 94 --
7 268 - 285 287 - 292 --
8 119 - 121 150 - 166 --
9 122 - 130 --
10 136 - 143 145 - 149 --
11 31 - 40 243 - 244 --
12 254 - 262 264 - 267 --
13 246 - 253 293 - 316 --

[(9, 8), (4, 14), (5, 15), (10, 16), (2, 17), (12, 7), (13, 19), (11, 20), (0, 21), (3, 22), (1, 6), (24, 23), (25, 18)]

0 - 15 31 - 40 73 - 82 177 - 192 208 - 316 -- 41 - 66 83 - 99 -- 16 - 30 67 - 72 100 - 176 193 - 207 --
**************************CLAUSET'S END***************************


************************************** STEP # 1 ****************************
BEFORE MERGE
0 0 - 11 177 - 192 208 - 231 233 - 242 --

1 41 - 46 58 - 66 --

2 12 - 14 16 - 23 108 - 109 111 - 114 169 - 176 193 - 207 --

3 24 - 28 51 - 54 56 - 57 73 - 82 --

4 100 - 107 115 - 118 167 - 168 --

5 48 - 50 67 - 72 95 - 99 131 - 135 --

6 83 - 94 --

7 268 - 285 287 - 292 --

8 119 - 121 150 - 166 --

9 122 - 130 --

10 136 - 143 145 - 149 --

11 31 - 40 243 - 244 --

12 254 - 262 264 - 267 --

13 246 - 253 293 - 316 --


0 0.000 0.000 33.000 1.000 0.000 0.000 0.000 0.000 0.000 0.000 0.000 12.000 0.000 2.000
1 0.000 0.000 25.000 21.000 0.000 20.000 14.000 0.000 0.000 0.000 0.000 32.000 0.000 0.000
2 33.000 25.000 0.000 10.000 40.000 7.000 0.000 0.000 0.000 0.000 7.000 13.000 0.000 0.000
3 1.000 21.000 10.000 0.000 0.000 21.000 23.000 0.000 0.000 0.000 0.000 27.000 27.000 14.000
4 0.000 0.000 40.000 0.000 0.000 32.000 0.000 0.000 31.000 4.000 0.000 0.000 0.000 0.000
5 0.000 20.000 7.000 21.000 32.000 0.000 12.000 0.000 0.000 21.000 25.000 0.000 0.000 0.000
6 0.000 14.000 0.000 23.000 0.000 12.000 0.000 0.000 0.000 0.000 0.000 0.000 11.000 0.000
7 0.000 0.000 0.000 0.000 0.000 0.000 0.000 0.000 0.000 0.000 0.000 20.000 23.000 12.000
8 0.000 0.000 0.000 0.000 31.000 0.000 0.000 0.000 0.000 10.000 9.000 0.000 0.000 0.000
9 0.000 0.000 0.000 0.000 4.000 21.000 0.000 0.000 10.000 0.000 0.000 0.000 0.000 0.000
10 0.000 0.000 7.000 0.000 0.000 25.000 0.000 0.000 9.000 0.000 0.000 0.000 0.000 0.000
11 12.000 32.000 13.000 27.000 0.000 0.000 0.000 20.000 0.000 0.000 0.000 0.000 6.000 12.000
12 0.000 0.000 0.000 27.000 0.000 0.000 11.000 23.000 0.000 0.000 0.000 6.000 0.000 19.000
13 2.000 0.000 0.000 14.000 0.000 0.000 0.000 12.000 0.000 0.000 0.000 12.000 19.000 0.000

40
Merge Cluster 2 & Cluster 4

AFTER MERGE
0 0 - 11 177 - 192 208 - 231 233 - 242 --

1 41 - 46 58 - 66 --

3 24 - 28 51 - 54 56 - 57 73 - 82 --

5 48 - 50 67 - 72 95 - 99 131 - 135 --

6 83 - 94 --

7 268 - 285 287 - 292 --

8 119 - 121 150 - 166 --

9 122 - 130 --

10 136 - 143 145 - 149 --

11 31 - 40 243 - 244 --

12 254 - 262 264 - 267 --

13 246 - 253 293 - 316 --

14 12 - 14 16 - 23 100 - 118 167 - 176 193 - 207 --

************************************ END OF STEP ***************************
************************************** STEP # 2 ****************************
BEFORE MERGE
0 0 - 11 177 - 192 208 - 231 233 - 242 --

1 41 - 46 58 - 66 --

3 24 - 28 51 - 54 56 - 57 73 - 82 --

5 48 - 50 67 - 72 95 - 99 131 - 135 --

6 83 - 94 --

7 268 - 285 287 - 292 --

8 119 - 121 150 - 166 --

9 122 - 130 --

10 136 - 143 145 - 149 --

11 31 - 40 243 - 244 --

12 254 - 262 264 - 267 --

13 246 - 253 293 - 316 --

14 12 - 14 16 - 23 100 - 118 167 - 176 193 - 207 --


0 0.000 0.000 1.000 0.000 0.000 0.000 0.000 0.000 0.000 12.000 0.000 2.000 29.000
1 0.000 0.000 21.000 20.000 14.000 0.000 0.000 0.000 0.000 32.000 0.000 0.000 20.000
3 1.000 21.000 0.000 21.000 23.000 0.000 0.000 0.000 0.000 27.000 27.000 14.000 8.000
5 0.000 20.000 21.000 0.000 12.000 0.000 0.000 21.000 25.000 0.000 0.000 0.000 20.000
6 0.000 14.000 23.000 12.000 0.000 0.000 0.000 0.000 0.000 0.000 11.000 0.000 0.000
7 0.000 0.000 0.000 0.000 0.000 0.000 0.000 0.000 0.000 20.000 23.000 12.000 0.000
8 0.000 0.000 0.000 0.000 0.000 0.000 0.000 10.000 9.000 0.000 0.000 0.000 13.000
9 0.000 0.000 0.000 21.000 0.000 0.000 10.000 0.000 0.000 0.000 0.000 0.000 1.000
10 0.000 0.000 0.000 25.000 0.000 0.000 9.000 0.000 0.000 0.000 0.000 0.000 5.000
11 12.000 32.000 27.000 0.000 0.000 20.000 0.000 0.000 0.000 0.000 6.000 12.000 10.000
12 0.000 0.000 27.000 0.000 11.000 23.000 0.000 0.000 0.000 6.000 0.000 19.000 0.000
13 2.000 0.000 14.000 0.000 0.000 12.000 0.000 0.000 0.000 12.000 19.000 0.000 0.000
14 29.000 20.000 8.000 20.000 0.000 0.000 13.000 1.000 5.000 10.000 0.000 0.000 0.000

32
Merge Cluster 1 & Cluster 11

AFTER MERGE
0 0 - 11 177 - 192 208 - 231 233 - 242 --

3 24 - 28 51 - 54 56 - 57 73 - 82 --

5 48 - 50 67 - 72 95 - 99 131 - 135 --

6 83 - 94 --

7 268 - 285 287 - 292 --

8 119 - 121 150 - 166 --

9 122 - 130 --

10 136 - 143 145 - 149 --

12 254 - 262 264 - 267 --

13 246 - 253 293 - 316 --

14 12 - 14 16 - 23 100 - 118 167 - 176 193 - 207 --

15 31 - 46 58 - 66 243 - 244 --

************************************ END OF STEP ***************************
************************************** STEP # 3 ****************************
BEFORE MERGE
0 0 - 11 177 - 192 208 - 231 233 - 242 --

3 24 - 28 51 - 54 56 - 57 73 - 82 --

5 48 - 50 67 - 72 95 - 99 131 - 135 --

6 83 - 94 --

7 268 - 285 287 - 292 --

8 119 - 121 150 - 166 --

9 122 - 130 --

10 136 - 143 145 - 149 --

12 254 - 262 264 - 267 --

13 246 - 253 293 - 316 --

14 12 - 14 16 - 23 100 - 118 167 - 176 193 - 207 --

15 31 - 46 58 - 66 243 - 244 --


0 0.000 1.000 0.000 0.000 0.000 0.000 0.000 0.000 0.000 2.000 29.000 10.000
3 1.000 0.000 21.000 23.000 0.000 0.000 0.000 0.000 27.000 14.000 8.000 33.000
5 0.000 21.000 0.000 12.000 0.000 0.000 21.000 25.000 0.000 0.000 20.000 14.000
6 0.000 23.000 12.000 0.000 0.000 0.000 0.000 0.000 11.000 0.000 0.000 9.000
7 0.000 0.000 0.000 0.000 0.000 0.000 0.000 0.000 23.000 12.000 0.000 14.000
8 0.000 0.000 0.000 0.000 0.000 0.000 10.000 9.000 0.000 0.000 13.000 0.000
9 0.000 0.000 21.000 0.000 0.000 10.000 0.000 0.000 0.000 0.000 1.000 0.000
10 0.000 0.000 25.000 0.000 0.000 9.000 0.000 0.000 0.000 0.000 5.000 0.000
12 0.000 27.000 0.000 11.000 23.000 0.000 0.000 0.000 0.000 19.000 0.000 4.000
13 2.000 14.000 0.000 0.000 12.000 0.000 0.000 0.000 19.000 0.000 0.000 9.000
14 29.000 8.000 20.000 0.000 0.000 13.000 1.000 5.000 0.000 0.000 0.000 25.000
15 10.000 33.000 14.000 9.000 14.000 0.000 0.000 0.000 4.000 9.000 25.000 0.000

33
Merge Cluster 3 & Cluster 15

AFTER MERGE
0 0 - 11 177 - 192 208 - 231 233 - 242 --

5 48 - 50 67 - 72 95 - 99 131 - 135 --

6 83 - 94 --

7 268 - 285 287 - 292 --

8 119 - 121 150 - 166 --

9 122 - 130 --

10 136 - 143 145 - 149 --

12 254 - 262 264 - 267 --

13 246 - 253 293 - 316 --

14 12 - 14 16 - 23 100 - 118 167 - 176 193 - 207 --

16 24 - 29 31 - 46 51 - 66 73 - 82 243 - 244 --

************************************ END OF STEP ***************************
************************************** STEP # 4 ****************************
BEFORE MERGE
0 0 - 11 177 - 192 208 - 231 233 - 242 --

5 48 - 50 67 - 72 95 - 99 131 - 135 --

6 83 - 94 --

7 268 - 285 287 - 292 --

8 119 - 121 150 - 166 --

9 122 - 130 --

10 136 - 143 145 - 149 --

12 254 - 262 264 - 267 --

13 246 - 253 293 - 316 --

14 12 - 14 16 - 23 100 - 118 167 - 176 193 - 207 --

16 24 - 29 31 - 46 51 - 66 73 - 82 243 - 244 --


0 0.000 0.000 0.000 0.000 0.000 0.000 0.000 0.000 2.000 29.000 9.000
5 0.000 0.000 12.000 0.000 0.000 21.000 25.000 0.000 0.000 20.000 22.000
6 0.000 12.000 0.000 0.000 0.000 0.000 0.000 11.000 0.000 0.000 18.000
7 0.000 0.000 0.000 0.000 0.000 0.000 0.000 23.000 12.000 0.000 10.000
8 0.000 0.000 0.000 0.000 0.000 10.000 9.000 0.000 0.000 13.000 0.000
9 0.000 21.000 0.000 0.000 10.000 0.000 0.000 0.000 0.000 1.000 0.000
10 0.000 25.000 0.000 0.000 9.000 0.000 0.000 0.000 0.000 5.000 0.000
12 0.000 0.000 11.000 23.000 0.000 0.000 0.000 0.000 19.000 0.000 17.000
13 2.000 0.000 0.000 12.000 0.000 0.000 0.000 19.000 0.000 0.000 16.000
14 29.000 20.000 0.000 0.000 13.000 1.000 5.000 0.000 0.000 0.000 26.000
16 9.000 22.000 18.000 10.000 0.000 0.000 0.000 17.000 16.000 26.000 0.000

29
Merge Cluster 0 & Cluster 14

AFTER MERGE
5 48 - 50 67 - 72 95 - 99 131 - 135 --

6 83 - 94 --

7 268 - 285 287 - 292 --

8 119 - 121 150 - 166 --

9 122 - 130 --

10 136 - 143 145 - 149 --

12 254 - 262 264 - 267 --

13 246 - 253 293 - 316 --

16 24 - 29 31 - 46 51 - 66 73 - 82 243 - 244 --

17 0 - 14 16 - 23 100 - 118 167 - 242 --

************************************ END OF STEP ***************************
************************************** STEP # 5 ****************************
BEFORE MERGE
5 48 - 50 67 - 72 95 - 99 131 - 135 --

6 83 - 94 --

7 268 - 285 287 - 292 --

8 119 - 121 150 - 166 --

9 122 - 130 --

10 136 - 143 145 - 149 --

12 254 - 262 264 - 267 --

13 246 - 253 293 - 316 --

16 24 - 29 31 - 46 51 - 66 73 - 82 243 - 244 --

17 0 - 14 16 - 23 100 - 118 167 - 242 --


5 0.000 12.000 0.000 0.000 21.000 25.000 0.000 0.000 22.000 11.000
6 12.000 0.000 0.000 0.000 0.000 0.000 11.000 0.000 18.000 0.000
7 0.000 0.000 0.000 0.000 0.000 0.000 23.000 12.000 10.000 0.000
8 0.000 0.000 0.000 0.000 10.000 9.000 0.000 0.000 0.000 7.000
9 21.000 0.000 0.000 10.000 0.000 0.000 0.000 0.000 0.000 0.000
10 25.000 0.000 0.000 9.000 0.000 0.000 0.000 0.000 0.000 2.000
12 0.000 11.000 23.000 0.000 0.000 0.000 0.000 19.000 17.000 0.000
13 0.000 0.000 12.000 0.000 0.000 0.000 19.000 0.000 16.000 1.000
16 22.000 18.000 10.000 0.000 0.000 0.000 17.000 16.000 0.000 23.000
17 11.000 0.000 0.000 7.000 0.000 2.000 0.000 1.000 23.000 0.000

25
Merge Cluster 5 & Cluster 10

AFTER MERGE
6 83 - 94 --

7 268 - 285 287 - 292 --

8 119 - 121 150 - 166 --

9 122 - 130 --

12 254 - 262 264 - 267 --

13 246 - 253 293 - 316 --

16 24 - 29 31 - 46 51 - 66 73 - 82 243 - 244 --

17 0 - 14 16 - 23 100 - 118 167 - 242 --

18 48 - 50 67 - 72 95 - 99 131 - 143 145 - 149 --

************************************ END OF STEP ***************************
************************************** STEP # 6 ****************************
BEFORE MERGE
6 83 - 94 --

7 268 - 285 287 - 292 --

8 119 - 121 150 - 166 --

9 122 - 130 --

12 254 - 262 264 - 267 --

13 246 - 253 293 - 316 --

16 24 - 29 31 - 46 51 - 66 73 - 82 243 - 244 --

17 0 - 14 16 - 23 100 - 118 167 - 242 --

18 48 - 50 67 - 72 95 - 99 131 - 143 145 - 149 --


6 0.000 0.000 0.000 0.000 11.000 0.000 18.000 0.000 9.000
7 0.000 0.000 0.000 0.000 23.000 12.000 10.000 0.000 0.000
8 0.000 0.000 0.000 10.000 0.000 0.000 0.000 7.000 5.000
9 0.000 0.000 10.000 0.000 0.000 0.000 0.000 0.000 14.000
12 11.000 23.000 0.000 0.000 0.000 19.000 17.000 0.000 0.000
13 0.000 12.000 0.000 0.000 19.000 0.000 16.000 1.000 0.000
16 18.000 10.000 0.000 0.000 17.000 16.000 0.000 23.000 18.000
17 0.000 0.000 7.000 0.000 0.000 1.000 23.000 0.000 13.000
18 9.000 0.000 5.000 14.000 0.000 0.000 18.000 13.000 0.000

23
Merge Cluster 7 & Cluster 12

AFTER MERGE
6 83 - 94 --

8 119 - 121 150 - 166 --

9 122 - 130 --

13 246 - 253 293 - 316 --

16 24 - 29 31 - 46 51 - 66 73 - 82 243 - 244 --

17 0 - 14 16 - 23 100 - 118 167 - 242 --

18 48 - 50 67 - 72 95 - 99 131 - 143 145 - 149 --

19 254 - 262 264 - 285 287 - 292 --

************************************ END OF STEP ***************************
************************************** STEP # 7 ****************************
BEFORE MERGE
6 83 - 94 --

8 119 - 121 150 - 166 --

9 122 - 130 --

13 246 - 253 293 - 316 --

16 24 - 29 31 - 46 51 - 66 73 - 82 243 - 244 --

17 0 - 14 16 - 23 100 - 118 167 - 242 --

18 48 - 50 67 - 72 95 - 99 131 - 143 145 - 149 --

19 254 - 262 264 - 285 287 - 292 --


6 0.000 0.000 0.000 0.000 18.000 0.000 9.000 6.000
8 0.000 0.000 10.000 0.000 0.000 7.000 5.000 0.000
9 0.000 10.000 0.000 0.000 0.000 0.000 14.000 0.000
13 0.000 0.000 0.000 0.000 16.000 1.000 0.000 22.000
16 18.000 0.000 0.000 16.000 0.000 23.000 18.000 21.000
17 0.000 7.000 0.000 1.000 23.000 0.000 13.000 0.000
18 9.000 5.000 14.000 0.000 18.000 13.000 0.000 0.000
19 6.000 0.000 0.000 22.000 21.000 0.000 0.000 0.000

23
Merge Cluster 16 & Cluster 17

AFTER MERGE
6 83 - 94 --

8 119 - 121 150 - 166 --

9 122 - 130 --

13 246 - 253 293 - 316 --

18 48 - 50 67 - 72 95 - 99 131 - 143 145 - 149 --

19 254 - 262 264 - 285 287 - 292 --

20 0 - 47 51 - 66 73 - 82 100 - 118 167 - 244 --

************************************ END OF STEP ***************************
************************************** STEP # 8 ****************************
BEFORE MERGE
6 83 - 94 --

8 119 - 121 150 - 166 --

9 122 - 130 --

13 246 - 253 293 - 316 --

18 48 - 50 67 - 72 95 - 99 131 - 143 145 - 149 --

19 254 - 262 264 - 285 287 - 292 --

20 0 - 47 51 - 66 73 - 82 100 - 118 167 - 244 --


6 0.000 0.000 0.000 0.000 9.000 6.000 6.000
8 0.000 0.000 10.000 0.000 5.000 0.000 5.000
9 0.000 10.000 0.000 0.000 14.000 0.000 0.000
13 0.000 0.000 0.000 0.000 0.000 22.000 7.000
18 9.000 5.000 14.000 0.000 0.000 0.000 17.000
19 6.000 0.000 0.000 22.000 0.000 0.000 9.000
20 6.000 5.000 0.000 7.000 17.000 9.000 0.000

22
Merge Cluster 13 & Cluster 19

AFTER MERGE
6 83 - 94 --

8 119 - 121 150 - 166 --

9 122 - 130 --

18 48 - 50 67 - 72 95 - 99 131 - 143 145 - 149 --

20 0 - 47 51 - 66 73 - 82 100 - 118 167 - 244 --

21 245 - 262 264 - 285 287 - 316 --

************************************ END OF STEP ***************************
************************************** STEP # 9 ****************************
BEFORE MERGE
6 83 - 94 --

8 119 - 121 150 - 166 --

9 122 - 130 --

18 48 - 50 67 - 72 95 - 99 131 - 143 145 - 149 --

20 0 - 47 51 - 66 73 - 82 100 - 118 167 - 244 --

21 245 - 262 264 - 285 287 - 316 --


6 0.000 0.000 0.000 9.000 6.000 3.000
8 0.000 0.000 10.000 5.000 5.000 0.000
9 0.000 10.000 0.000 14.000 0.000 0.000
18 9.000 5.000 14.000 0.000 17.000 0.000
20 6.000 5.000 0.000 17.000 0.000 14.000
21 3.000 0.000 0.000 0.000 14.000 0.000

17
Merge Cluster 18 & Cluster 20

AFTER MERGE
6 83 - 94 --

8 119 - 121 150 - 166 --

9 122 - 130 --

21 245 - 262 264 - 285 287 - 316 --

22 0 - 82 95 - 118 131 - 149 167 - 244 --

************************************ END OF STEP ***************************
************************************** STEP # 10 ****************************
BEFORE MERGE
6 83 - 94 --

8 119 - 121 150 - 166 --

9 122 - 130 --

21 245 - 262 264 - 285 287 - 316 --

22 0 - 82 95 - 118 131 - 149 167 - 244 --


6 0.000 0.000 0.000 3.000 7.000
8 0.000 0.000 10.000 0.000 6.000
9 0.000 10.000 0.000 0.000 3.000
21 3.000 0.000 0.000 0.000 13.000
22 7.000 6.000 3.000 13.000 0.000

13
Merge Cluster 21 & Cluster 22

AFTER MERGE
6 83 - 94 --

8 119 - 121 150 - 166 --

9 122 - 130 --

23 0 - 82 95 - 118 131 - 149 167 - 316 --

************************************ END OF STEP ***************************
************************************** STEP # 11 ****************************
BEFORE MERGE
6 83 - 94 --

8 119 - 121 150 - 166 --

9 122 - 130 --

23 0 - 82 95 - 118 131 - 149 167 - 316 --


6 0.000 0.000 0.000 6.000
8 0.000 0.000 10.000 4.000
9 0.000 10.000 0.000 2.000
23 6.000 4.000 2.000 0.000

10
Merge Cluster 8 & Cluster 9

AFTER MERGE
6 83 - 94 --

23 0 - 82 95 - 118 131 - 149 167 - 316 --

24 119 - 130 150 - 166 --

************************************ END OF STEP ***************************
************************************** STEP # 12 ****************************
BEFORE MERGE
6 83 - 94 --

23 0 - 82 95 - 118 131 - 149 167 - 316 --

24 119 - 130 150 - 166 --


6 0.000 6.000 0.000
23 6.000 0.000 6.000
24 0.000 6.000 0.000

6
Merge Cluster 6 & Cluster 23

AFTER MERGE
24 119 - 130 150 - 166 --

25 0 - 118 131 - 149 167 - 316 --

************************************ END OF STEP ***************************
************************************** STEP # 13 ****************************
BEFORE MERGE
24 119 - 130 150 - 166 --

25 0 - 118 131 - 149 167 - 316 --


24 0.000 6.000
25 6.000 0.000

6
Merge Cluster 24 & Cluster 25

AFTER MERGE
26 0 - 316 --

************************************ END OF STEP ***************************
